Entidad de Residencia,Año Registro,Sexo,Población Niños,Defunciones Niños,Mortalidad Niños,Población Adolescentes,Defunciones Adolescentes,Mortalidad Adolescentes
Aguascalientes,2000,Hombre,127155,11,25.48,303167,21,19.15
Aguascalientes,2001,Hombre,128063,6,10.86,306001,14,14.48
Aguascalientes,2002,Hombre,128815,11,19.41,309135,27,26.73
Aguascalientes,2003,Hombre,129517,5,8.54,312285,11,11.58
Aguascalientes,2004,Hombre,130162,12,31.62,315154,28,25.14
Aguascalientes,2005,Hombre,130570,11,18.14,317824,27,27.3
Aguascalientes,2006,Hombre,130596,10,22.83,320440,20,18.94
Aguascalientes,2007,Hombre,130521,10,22.89,323221,24,21.4
Aguascalientes,2008,Hombre,130599,8,12.69,326291,18,16.21
Aguascalientes,2009,Hombre,130840,8,13.8,329320,14,9.47
Aguascalientes,2010,Hombre,130897,16,26.76,331031,32,26.56
Aguascalientes,2011,Hombre,130663,7,11.47,332805,21,20.46
Aguascalientes,2012,Hombre,130443,4,7.32,333957,16,19.39
Aguascalientes,2013,Hombre,130101,5,19.79,334859,23,25.57
Aguascalientes,2014,Hombre,129669,6,10.04,335569,16,13.51
Baja California,2000,Hombre,300626,11,8.08,739698,25,10.11
Baja California,2001,Hombre,304174,24,20.64,752946,54,22.8
Baja California,2002,Hombre,306735,28,29.65,764985,52,18.91
Baja California,2003,Hombre,308688,15,19.76,776056,39,16.77
Baja California,2004,Hombre,310090,20,13.65,786486,44,15.78
Baja California,2005,Hombre,310955,23,19.65,796143,53,19.58
Baja California,2006,Hombre,311318,18,26.66,805002,70,31.89
Baja California,2007,Hombre,311445,13,14.98,812947,41,15.96
Baja California,2008,Hombre,311740,16,19.78,819752,32,11.56
Baja California,2009,Hombre,312736,15,13.61,825482,41,15.66
Baja California,2010,Hombre,312768,17,12.46,828644,43,15.44
Baja California,2011,Hombre,312521,15,10.11,827661,39,14.74
Baja California,2012,Hombre,312863,12,8.43,827867,52,22.21
Baja California,2013,Hombre,313266,22,15.61,827756,42,13.07
Baja California,2014,Hombre,313679,16,13.8,827397,58,24.48
Baja California Sur,2000,Hombre,53491,3,11.03,137749,7,12.8
Baja California Sur,2001,Hombre,54156,6,23.82,139318,10,20.91
Baja California Sur,2002,Hombre,54942,1,3.58,141334,5,12.99
Baja California Sur,2003,Hombre,55865,8,30.16,143589,16,31.6
Baja California Sur,2004,Hombre,56933,2,6.93,146109,8,15.58
Baja California Sur,2005,Hombre,58059,4,15.43,148777,16,33.1
Baja California Sur,2006,Hombre,59248,4,16,151584,10,21.87
Baja California Sur,2007,Hombre,60582,6,35.64,154684,10,16.57
Baja California Sur,2008,Hombre,62012,5,15.92,158084,15,30.28
Baja California Sur,2009,Hombre,63520,0,0,161728,6,14.63
Baja California Sur,2010,Hombre,65168,3,9.89,165658,7,12.88
Baja California Sur,2011,Hombre,66829,5,14.76,169453,5,4.23
Baja California Sur,2012,Hombre,68326,4,11.53,173134,14,24.72
Baja California Sur,2013,Hombre,69753,0,0,176817,2,3.76
Baja California Sur,2014,Hombre,71124,1,2.75,180488,5,10.26
Campeche,2000,Hombre,82654,9,22.18,199614,11,11.91
Campeche,2001,Hombre,82651,4,10.87,201923,14,19.27
Campeche,2002,Hombre,82523,3,7.82,204331,7,12.88
Campeche,2003,Hombre,82337,6,27.35,206623,20,28.43
Campeche,2004,Hombre,82156,4,10.26,208718,16,23.54
Campeche,2005,Hombre,82014,4,12.35,210554,14,22.22
Campeche,2006,Hombre,81929,2,5.5,212155,16,22.76
Campeche,2007,Hombre,81963,10,26.17,213599,16,17.77
Campeche,2008,Hombre,82165,6,25.6,214873,16,26.32
Campeche,2009,Hombre,82567,4,10.3,215863,14,21.29
Campeche,2010,Hombre,83051,6,16.24,215765,20,27.14
Campeche,2011,Hombre,83529,2,5.38,216971,10,15.19
Campeche,2012,Hombre,84033,4,20.22,217333,14,18.04
Campeche,2013,Hombre,84550,5,13.57,217696,13,18.73
Campeche,2014,Hombre,85069,4,20,218129,10,15
Coahuila de Zaragoza,2000,Hombre,276899,13,16.04,670765,35,15.05
Coahuila de Zaragoza,2001,Hombre,278833,10,13.19,675657,26,11.89
Coahuila de Zaragoza,2002,Hombre,280050,14,10.59,681046,32,12.4
Coahuila de Zaragoza,2003,Hombre,280792,15,14.26,686396,53,25.92
Coahuila de Zaragoza,2004,Hombre,281114,15,11.73,691232,27,10.72
Coahuila de Zaragoza,2005,Hombre,281191,17,16.2,695881,49,22.41
Coahuila de Zaragoza,2006,Hombre,281042,17,13.33,700834,51,24.36
Coahuila de Zaragoza,2007,Hombre,280629,18,16.76,706003,48,20.01
Coahuila de Zaragoza,2008,Hombre,280128,11,8.74,710934,43,20.48
Coahuila de Zaragoza,2009,Hombre,279690,15,11.97,715210,31,12.6
Coahuila de Zaragoza,2010,Hombre,278996,16,17.99,717608,28,10.33
Coahuila de Zaragoza,2011,Hombre,278223,9,7.37,719885,35,16.86
Coahuila de Zaragoza,2012,Hombre,277506,16,21.96,720908,38,15.32
Coahuila de Zaragoza,2013,Hombre,276842,10,10.87,721276,30,14.7
Coahuila de Zaragoza,2014,Hombre,276274,15,12.33,721126,53,23.38
Colima,2000,Hombre,60378,3,10.74,155086,9,20.57
Colima,2001,Hombre,60179,7,25.8,155299,15,25.9
Colima,2002,Hombre,60042,3,10.82,155652,9,20.4
Colima,2003,Hombre,60046,2,8.45,156152,4,8.52
Colima,2004,Hombre,60151,2,6.66,156567,6,15.1
Colima,2005,Hombre,60377,4,14.99,157241,16,31.1
Colima,2006,Hombre,60738,8,54.92,158310,10,11.46
Colima,2007,Hombre,61266,3,23.44,159500,11,19.26
Colima,2008,Hombre,61943,2,8.01,160935,10,20.46
Colima,2009,Hombre,62690,3,10.45,162512,11,23.31
Colima,2010,Hombre,63163,2,6.4,163523,6,14.12
Colima,2011,Hombre,63299,3,11.04,164339,5,8.75
Colima,2012,Hombre,63578,4,14.21,165252,12,23.72
Colima,2013,Hombre,63776,2,8.05,166194,8,15.8
Colima,2014,Hombre,63898,5,42.87,167138,9,14.34
Chiapas,2000,Hombre,578200,23,12.7,1319472,77,22.97
Chiapas,2001,Hombre,584538,31,12.88,1338636,109,30.67
Chiapas,2002,Hombre,589903,33,12.54,1358801,87,21.53
Chiapas,2003,Hombre,593668,42,18.16,1378838,98,22.94
Chiapas,2004,Hombre,595638,26,12.23,1398944,82,19.86
Chiapas,2005,Hombre,595516,27,11.48,1416176,69,15.65
Chiapas,2006,Hombre,593705,23,8.67,1430753,85,20.31
Chiapas,2007,Hombre,591192,38,14.46,1445982,100,23.77
Chiapas,2008,Hombre,588399,39,17.17,1460611,115,27.85
Chiapas,2009,Hombre,585579,30,11.54,1472375,106,24.63
Chiapas,2010,Hombre,582556,21,9.56,1476192,71,16.05
Chiapas,2011,Hombre,579290,34,17.22,1486682,86,18.62
Chiapas,2012,Hombre,576159,29,13.06,1490313,77,16.8
Chiapas,2013,Hombre,573264,34,13.36,1491716,102,21.82
Chiapas,2014,Hombre,570620,44,17.47,1490710,114,23.41
Chihuahua,2000,Hombre,338025,19,12.85,838337,45,16.43
Chihuahua,2001,Hombre,341270,21,22.68,846454,45,14.9
Chihuahua,2002,Hombre,344130,14,11.64,854240,42,16.59
Chihuahua,2003,Hombre,346677,20,19.97,861895,52,20.46
Chihuahua,2004,Hombre,348902,19,19.08,868912,51,17.24
Chihuahua,2005,Hombre,350976,21,15.38,875736,65,26.28
Chihuahua,2006,Hombre,352943,15,9.49,882889,55,23.54
Chihuahua,2007,Hombre,354906,18,15.76,890438,58,23.29
Chihuahua,2008,Hombre,356901,13,10.35,897915,45,17.01
Chihuahua,2009,Hombre,359241,22,13.64,904765,64,23.71
Chihuahua,2010,Hombre,359695,15,11.32,906807,61,24.44
Chihuahua,2011,Hombre,358886,11,6.94,907024,61,24.36
Chihuahua,2012,Hombre,358413,20,12.09,909123,56,21.45
Chihuahua,2013,Hombre,357669,21,22.1,910403,59,20.54
Chihuahua,2014,Hombre,356687,14,15.64,911495,38,15.16
Distrito Federal,2000,Hombre,792982,39,11.93,2135940,131,19.44
Distrito Federal,2001,Hombre,781573,44,14.97,2108497,126,18.78
Distrito Federal,2002,Hombre,770269,43,16.14,2080393,123,18.63
Distrito Federal,2003,Hombre,759768,35,11.33,2051518,121,19.28
Distrito Federal,2004,Hombre,749664,42,13.62,2021000,122,18.46
Distrito Federal,2005,Hombre,739933,44,17.33,1990805,116,18.36
Distrito Federal,2006,Hombre,730231,50,17.9,1961755,142,22.77
Distrito Federal,2007,Hombre,719898,45,15.97,1933076,119,19.48
Distrito Federal,2008,Hombre,709784,35,16.77,1905588,97,15.6
Distrito Federal,2009,Hombre,700135,28,9.16,1877937,104,19.27
Distrito Federal,2010,Hombre,690132,46,17.65,1846300,124,21.07
Distrito Federal,2011,Hombre,680018,37,15.85,1820676,125,22.46
Distrito Federal,2012,Hombre,670229,30,9.93,1794161,112,21.3
Distrito Federal,2013,Hombre,660530,28,11.5,1768972,90,16.43
Distrito Federal,2014,Hombre,650982,40,13.77,1744800,108,19.91
Durango,2000,Hombre,184376,4,9.08,448124,10,7.64
Durango,2001,Hombre,184200,8,13.55,448342,24,18.27
Durango,2002,Hombre,183577,8,14.13,448609,16,10.4
Durango,2003,Hombre,182858,3,3.56,448994,21,19.15
Durango,2004,Hombre,181860,7,13.25,448542,19,14.02
Durango,2005,Hombre,180714,6,12.29,448996,10,5.82
Durango,2006,Hombre,179484,7,22.39,450622,19,15.82
Durango,2007,Hombre,178170,7,9.31,452312,9,4.62
Durango,2008,Hombre,177071,7,9.38,454661,23,17.34
Durango,2009,Hombre,176207,7,8.16,456145,13,7.39
Durango,2010,Hombre,175247,9,11.72,455905,19,12.64
Durango,2011,Hombre,174221,11,15.01,456221,21,13.19
Durango,2012,Hombre,173252,6,12.23,455414,20,13.61
Durango,2013,Hombre,172296,6,12.6,454300,10,6.41
Durango,2014,Hombre,171379,3,4.11,452917,23,19.39
Guanajuato,2000,Hombre,627635,31,15.53,1551453,93,20.4
Guanajuato,2001,Hombre,626910,27,13.18,1543574,63,12.42
Guanajuato,2002,Hombre,624927,35,16.12,1538721,97,19.65
Guanajuato,2003,Hombre,621829,37,15.78,1536031,91,17.3
Guanajuato,2004,Hombre,618286,24,8.83,1533862,80,17.67
Guanajuato,2005,Hombre,613304,26,10.61,1529316,80,17.19
Guanajuato,2006,Hombre,606773,27,12.42,1524313,87,18.88
Guanajuato,2007,Hombre,600853,23,12.59,1523967,77,17.76
Guanajuato,2008,Hombre,596328,32,12.81,1528484,76,15.18
Guanajuato,2009,Hombre,592869,30,15.13,1532809,88,18.65
Guanajuato,2010,Hombre,589748,32,14.97,1527560,108,24.32
Guanajuato,2011,Hombre,586771,26,10.9,1530381,78,17.37
Guanajuato,2012,Hombre,584124,34,16.91,1526474,100,21.09
Guanajuato,2013,Hombre,581478,30,16.26,1520688,86,18.58
Guanajuato,2014,Hombre,578865,25,10.88,1513871,95,22.38
Guerrero,2000,Hombre,425129,13,8.53,990849,45,15.59
Guerrero,2001,Hombre,423909,9,6.64,991475,25,8.14
Guerrero,2002,Hombre,421760,21,16.79,993652,43,13.3
Guerrero,2003,Hombre,419090,15,7.77,996004,41,14.77
Guerrero,2004,Hombre,415578,13,7.35,997474,45,16.93
Guerrero,2005,Hombre,411243,12,6.44,998701,36,12.58
Guerrero,2006,Hombre,406350,14,8.14,1000480,54,21.41
Guerrero,2007,Hombre,401436,15,10.5,1003348,55,20.75
Guerrero,2008,Hombre,396973,17,9.58,1007069,39,12.22
Guerrero,2009,Hombre,393320,18,12.24,1009674,52,16.05
Guerrero,2010,Hombre,389757,19,12.44,1006229,41,11.91
Guerrero,2011,Hombre,385778,14,8.45,1005528,44,15.69
Guerrero,2012,Hombre,381811,16,11.87,1000649,42,12.71
Guerrero,2013,Hombre,377814,19,13.27,994578,51,16.27
Guerrero,2014,Hombre,373841,20,16.57,987343,50,15.45
Hidalgo,2000,Hombre,276904,16,12.51,680626,40,18.2
Hidalgo,2001,Hombre,276936,13,12.58,681006,35,15.34
Hidalgo,2002,Hombre,276585,11,9.05,682575,41,20.69
Hidalgo,2003,Hombre,276195,18,20.47,684655,42,19.85
Hidalgo,2004,Hombre,275914,13,18.75,686664,39,19.69
Hidalgo,2005,Hombre,275533,15,17.97,688815,45,23.84
Hidalgo,2006,Hombre,275091,13,12.71,691499,39,18.8
Hidalgo,2007,Hombre,275083,12,12.52,694847,44,23.08
Hidalgo,2008,Hombre,275674,14,17.02,699260,54,25.78
Hidalgo,2009,Hombre,276871,15,20.65,704321,43,21.83
Hidalgo,2010,Hombre,277835,17,13.51,707493,41,18.55
Hidalgo,2011,Hombre,278169,8,6.29,711241,24,11.75
Hidalgo,2012,Hombre,278416,16,15.26,713678,40,18.61
Hidalgo,2013,Hombre,278440,16,12.56,715652,46,19.17
Hidalgo,2014,Hombre,278272,12,12.6,717120,48,24.3
Jalisco,2000,Hombre,756721,44,16.91,1893665,110,16.59
Jalisco,2001,Hombre,756063,52,22.2,1897211,112,18.7
Jalisco,2002,Hombre,754221,35,11.26,1899575,123,21.16
Jalisco,2003,Hombre,752517,40,14.81,1901645,132,23.49
Jalisco,2004,Hombre,750855,51,20.26,1900539,109,16.25
Jalisco,2005,Hombre,749798,39,14.84,1902260,137,24.38
Jalisco,2006,Hombre,749218,29,9.61,1908046,99,17.61
Jalisco,2007,Hombre,749170,39,15.67,1913604,121,20.94
Jalisco,2008,Hombre,750413,36,14.76,1921181,94,14.66
Jalisco,2009,Hombre,752778,52,17.13,1929556,118,18.9
Jalisco,2010,Hombre,754325,38,13.26,1933221,106,18.35
Jalisco,2011,Hombre,754859,50,16.83,1936491,94,12.97
Jalisco,2012,Hombre,755574,44,17.01,1938414,124,20.76
Jalisco,2013,Hombre,755966,28,8,1939912,102,18.33
Jalisco,2014,Hombre,756013,35,12.64,1941247,101,16.91
México,2000,Hombre,1511478,73,13.74,3672836,191,16.7
México,2001,Hombre,1522930,89,16.51,3711712,225,19.23
México,2002,Hombre,1532067,70,13.21,3748395,192,16.6
México,2003,Hombre,1540214,71,12.93,3783802,227,20.92
México,2004,Hombre,1546108,63,11.62,3817582,233,21.6
México,2005,Hombre,1550216,54,9.88,3851544,178,15.28
México,2006,Hombre,1553584,74,13.22,3885532,208,17.96
México,2007,Hombre,1556669,57,12.89,3918519,191,16.4
México,2008,Hombre,1559976,54,9.73,3950244,208,18.9
México,2009,Hombre,1563332,72,12.24,3977386,204,16.93
México,2010,Hombre,1566116,77,13.24,3988812,231,19.36
México,2011,Hombre,1568957,46,9.05,4016555,184,16.7
México,2012,Hombre,1571324,71,11.63,4032004,191,15.27
México,2013,Hombre,1573399,58,9.09,4045857,186,14.73
México,2014,Hombre,1575221,62,11.74,4057111,218,18.46
Michoacán de Ocampo,2000,Hombre,488173,34,15.47,1225945,74,17.76
Michoacán de Ocampo,2001,Hombre,485230,24,14.47,1218910,76,21.29
Michoacán de Ocampo,2002,Hombre,480962,22,10.52,1212182,66,17.98
Michoacán de Ocampo,2003,Hombre,476566,13,7.56,1205790,71,22.22
Michoacán de Ocampo,2004,Hombre,471999,28,14.62,1197447,52,10.97
Michoacán de Ocampo,2005,Hombre,467520,30,19.39,1190788,76,19.8
Michoacán de Ocampo,2006,Hombre,463280,16,8.02,1187146,58,18.08
Michoacán de Ocampo,2007,Hombre,459752,23,11.33,1184854,61,17.43
Michoacán de Ocampo,2008,Hombre,457641,18,10.37,1185529,50,14.38
Michoacán de Ocampo,2009,Hombre,456691,22,15.8,1186515,84,25.67
Michoacán de Ocampo,2010,Hombre,455489,18,18.81,1180537,72,21.77
Michoacán de Ocampo,2011,Hombre,453863,14,6.94,1179743,48,13.4
Michoacán de Ocampo,2012,Hombre,452749,19,12.8,1175207,47,13.31
Michoacán de Ocampo,2013,Hombre,451660,27,13.29,1170280,59,14.23
Michoacán de Ocampo,2014,Hombre,450465,15,8.99,1165163,43,11.37
Morelos,2000,Hombre,176809,11,17.3,440577,31,24.24
Morelos,2001,Hombre,176674,9,16.39,442220,35,27.05
Morelos,2002,Hombre,175818,7,13.61,443458,13,8.62
Morelos,2003,Hombre,175010,13,16.55,444628,37,25.67
Morelos,2004,Hombre,174152,8,10.35,444922,24,19.1
Morelos,2005,Hombre,173464,12,15.27,446096,20,10.64
Morelos,2006,Hombre,173034,10,16.79,448200,30,21.39
Morelos,2007,Hombre,172748,6,7.82,449770,24,17.61
Morelos,2008,Hombre,172837,3,3.75,451617,23,17.13
Morelos,2009,Hombre,173250,9,20.75,453426,31,22.05
Morelos,2010,Hombre,173603,6,7.48,453061,24,19.02
Morelos,2011,Hombre,173977,8,14.98,454053,24,18.85
Morelos,2012,Hombre,174564,8,9.45,453910,30,21.7
Morelos,2013,Hombre,175125,7,17.69,453851,35,28.88
Morelos,2014,Hombre,175639,8,9.4,453829,24,16.59
Nayarit,2000,Hombre,105850,8,17,269028,20,23.41
Nayarit,2001,Hombre,105575,4,7.99,268975,10,10.96
Nayarit,2002,Hombre,105289,8,40.43,269245,16,17.01
Nayarit,2003,Hombre,105210,4,7.49,269934,12,14.84
Nayarit,2004,Hombre,105288,9,18.97,270496,15,15.06
Nayarit,2005,Hombre,105592,5,9.88,271752,21,27.87
Nayarit,2006,Hombre,106259,11,28.82,273891,27,26.35
Nayarit,2007,Hombre,107346,2,4.19,276374,12,18.6
Nayarit,2008,Hombre,108860,5,10.56,279672,23,27.9
Nayarit,2009,Hombre,110763,5,9.48,283539,11,10.87
Nayarit,2010,Hombre,112680,5,9.73,287206,21,23.6
Nayarit,2011,Hombre,114410,11,27.42,290144,19,17.2
Nayarit,2012,Hombre,116029,2,4.28,293197,12,13.63
Nayarit,2013,Hombre,117524,5,9.75,296284,15,14.95
Nayarit,2014,Hombre,118905,5,8.76,299419,11,11.63
Nuevo León,2000,Hombre,421340,18,13.22,1063408,66,20.96
Nuevo León,2001,Hombre,425120,21,14.76,1069350,65,21.39
Nuevo León,2002,Hombre,428538,25,16.65,1075664,41,9.69
Nuevo León,2003,Hombre,431965,17,12.37,1082419,53,15.82
Nuevo León,2004,Hombre,435086,22,12.76,1089180,68,20.51
Nuevo León,2005,Hombre,437679,24,19.69,1097079,70,20.28
Nuevo León,2006,Hombre,439986,18,11.03,1105946,60,18.13
Nuevo León,2007,Hombre,442192,33,19.61,1114852,83,23.67
Nuevo León,2008,Hombre,444254,23,11.35,1124148,63,18.53
Nuevo León,2009,Hombre,446046,15,10.83,1133102,49,13.54
Nuevo León,2010,Hombre,447315,26,16.64,1140383,70,20.41
Nuevo León,2011,Hombre,448313,24,17.35,1147419,64,17.84
Nuevo León,2012,Hombre,449095,22,14.83,1153145,64,17.4
Nuevo León,2013,Hombre,449655,24,11.76,1158991,62,16.4
Nuevo León,2014,Hombre,450072,25,12.31,1164504,73,19.88
Oaxaca,2000,Hombre,445584,26,16.67,1070676,58,15.49
Oaxaca,2001,Hombre,444159,21,12.55,1066239,73,23.22
Oaxaca,2002,Hombre,442006,26,19.97,1066140,74,22.64
Oaxaca,2003,Hombre,439311,15,7.74,1066833,51,17.88
Oaxaca,2004,Hombre,436721,19,15.11,1068663,65,20.62
Oaxaca,2005,Hombre,432689,29,23.56,1067163,77,23.91
Oaxaca,2006,Hombre,427402,17,12.44,1063550,81,28.56
Oaxaca,2007,Hombre,423030,11,5.79,1064086,45,17.54
Oaxaca,2008,Hombre,419650,19,14.36,1067600,51,15.21
Oaxaca,2009,Hombre,417112,19,12.24,1071070,71,23.91
Oaxaca,2010,Hombre,415041,18,11.69,1067729,72,23.98
Oaxaca,2011,Hombre,412846,22,14.19,1070536,58,16.53
Oaxaca,2012,Hombre,410780,21,13.02,1067440,53,15.54
Oaxaca,2013,Hombre,408913,13,7.34,1063235,51,17.38
Oaxaca,2014,Hombre,407069,23,14.36,1058281,63,18.02
Puebla,2000,Hombre,651426,26,12.26,1555680,94,21.85
Puebla,2001,Hombre,653160,27,11.68,1561080,121,27.5
Puebla,2002,Hombre,654256,41,16.09,1569792,109,21.33
Puebla,2003,Hombre,654121,42,21.43,1579217,102,19.29
Puebla,2004,Hombre,652648,53,20.63,1590064,125,23.74
Puebla,2005,Hombre,649643,36,15.56,1596859,90,17.21
Puebla,2006,Hombre,646169,53,20.56,1600005,113,20.73
Puebla,2007,Hombre,643419,26,10.32,1606449,86,17.61
Puebla,2008,Hombre,641181,22,11.27,1615067,92,21.79
Puebla,2009,Hombre,639128,26,11.86,1621968,74,14.57
Puebla,2010,Hombre,637061,34,12.86,1621123,100,20.14
Puebla,2011,Hombre,635120,32,15.07,1628566,84,15.48
Puebla,2012,Hombre,633218,23,9.15,1629764,105,22.36
Puebla,2013,Hombre,631270,36,15.18,1628664,100,20.98
Puebla,2014,Hombre,629343,35,14.9,1624991,129,27.7
Querétaro de Arteaga,2000,Hombre,189718,9,22.4,465634,23,15.49
Querétaro de Arteaga,2001,Hombre,190152,11,20.68,468214,27,17.43
Querétaro de Arteaga,2002,Hombre,190513,8,9.19,471537,24,15.46
Querétaro de Arteaga,2003,Hombre,190779,10,15.97,474695,26,17.74
Querétaro de Arteaga,2004,Hombre,191085,10,20.13,477989,28,19.83
Querétaro de Arteaga,2005,Hombre,190888,10,11.53,480152,28,18.81
Querétaro de Arteaga,2006,Hombre,190399,6,6.82,481801,46,38.55
Querétaro de Arteaga,2007,Hombre,190405,22,34.66,484763,44,26.48
Querétaro de Arteaga,2008,Hombre,190553,13,23.36,488197,37,24.06
Querétaro de Arteaga,2009,Hombre,190684,10,11.53,491330,26,16.81
Querétaro de Arteaga,2010,Hombre,190856,7,7.85,492276,29,21.46
Querétaro de Arteaga,2011,Hombre,191033,12,22.08,495195,38,26.08
Querétaro de Arteaga,2012,Hombre,191213,10,15.45,496439,24,14.43
Querétaro de Arteaga,2013,Hombre,191369,7,8.1,497435,17,10.85
Querétaro de Arteaga,2014,Hombre,191510,10,20.18,498162,24,15.07
Quintana Roo,2000,Hombre,115970,6,18.93,298344,12,12.13
Quintana Roo,2001,Hombre,117187,10,27.41,303793,20,16.81
Quintana Roo,2002,Hombre,118481,9,24.87,309151,17,13.91
Quintana Roo,2003,Hombre,119901,2,4.24,314263,20,24.42
Quintana Roo,2004,Hombre,121576,8,14.76,319344,26,27.84
Quintana Roo,2005,Hombre,123263,5,8.86,323973,17,16.63
Quintana Roo,2006,Hombre,125567,11,19.48,328793,15,8.86
Quintana Roo,2007,Hombre,128993,6,10.11,334649,18,18.66
Quintana Roo,2008,Hombre,132296,8,13.59,340316,20,16.18
Quintana Roo,2009,Hombre,135595,6,15.54,345929,20,19.06
Quintana Roo,2010,Hombre,139221,7,10.59,352207,25,22.05
Quintana Roo,2011,Hombre,142816,9,25.25,357710,25,23.6
Quintana Roo,2012,Hombre,146427,9,13.89,363717,21,15.7
Quintana Roo,2013,Hombre,150038,6,14.08,369878,16,14.42
Quintana Roo,2014,Hombre,153590,6,8.76,376262,26,22.32
San Luis Potosí,2000,Hombre,289224,10,7.47,697398,40,20.86
San Luis Potosí,2001,Hombre,289121,13,12.58,698709,33,17.33
San Luis Potosí,2002,Hombre,288266,9,9.86,700410,29,13.89
San Luis Potosí,2003,Hombre,287006,19,17.95,702184,35,14.65
San Luis Potosí,2004,Hombre,285239,8,9.32,702915,36,17.98
San Luis Potosí,2005,Hombre,283169,17,18.77,703981,33,14.14
San Luis Potosí,2006,Hombre,280844,8,6.21,705864,40,21.5
San Luis Potosí,2007,Hombre,278538,15,12.02,708014,47,20.82
San Luis Potosí,2008,Hombre,276806,20,24.91,711024,36,14.34
San Luis Potosí,2009,Hombre,275629,12,12.34,713671,30,13.5
San Luis Potosí,2010,Hombre,274446,11,11.89,712688,35,16.57
San Luis Potosí,2011,Hombre,273013,14,11.36,713855,38,17.05
San Luis Potosí,2012,Hombre,271801,10,14.2,712641,52,26.04
San Luis Potosí,2013,Hombre,270701,12,10.17,710795,40,20.52
San Luis Potosí,2014,Hombre,269738,10,10.93,708416,38,20.13
Sinaloa,2000,Hombre,290302,13,10.29,717678,39,17.46
Sinaloa,2001,Hombre,290946,18,19.16,719608,38,16.69
Sinaloa,2002,Hombre,290741,18,21.44,721391,44,20.02
Sinaloa,2003,Hombre,290087,11,8.28,723201,23,9.37
Sinaloa,2004,Hombre,288857,12,9.17,724045,44,21.53
Sinaloa,2005,Hombre,287343,10,7.83,725371,30,13.33
Sinaloa,2006,Hombre,285724,14,11.22,727294,40,18.44
Sinaloa,2007,Hombre,284047,14,13.94,728957,28,10.71
Sinaloa,2008,Hombre,282520,13,10.08,730640,35,15.12
Sinaloa,2009,Hombre,281224,11,8.91,731672,27,9.85
Sinaloa,2010,Hombre,279634,17,21.89,730462,43,17.09
Sinaloa,2011,Hombre,277736,15,20.64,728750,33,14.6
Sinaloa,2012,Hombre,275967,8,9.45,726267,34,15.83
Sinaloa,2013,Hombre,274222,15,12.23,723400,23,7.62
Sinaloa,2014,Hombre,272547,11,9.2,720187,29,12.86
Sonora,2000,Hombre,261130,14,11.87,645676,42,21.32
Sonora,2001,Hombre,262382,17,17.35,650470,33,13.17
Sonora,2002,Hombre,263479,7,5.88,655967,31,18.7
Sonora,2003,Hombre,264587,19,25.01,661465,49,22.87
Sonora,2004,Hombre,265908,8,6.01,666914,40,21.29
Sonora,2005,Hombre,266897,15,15.97,671743,43,21.23
Sonora,2006,Hombre,267678,16,19.54,676442,26,10.07
Sonora,2007,Hombre,268978,13,16.22,681898,49,27.17
Sonora,2008,Hombre,270565,6,4.62,687623,22,11.21
Sonora,2009,Hombre,272467,11,8.8,693553,41,19.37
Sonora,2010,Hombre,273819,17,22.52,699367,43,20.67
Sonora,2011,Hombre,274671,13,13.2,701735,45,21.53
Sonora,2012,Hombre,275362,20,16.31,704870,58,27.26
Sonora,2013,Hombre,275832,19,15.19,707714,49,22.65
Sonora,2014,Hombre,276124,17,13.76,710374,47,21.61
Tabasco,2000,Hombre,237630,14,12.74,580338,36,18.28
Tabasco,2001,Hombre,237850,14,16.46,583376,38,22.18
Tabasco,2002,Hombre,237951,11,13.92,586411,41,22.57
Tabasco,2003,Hombre,237917,16,18.19,589115,44,23.92
Tabasco,2004,Hombre,237858,16,18.19,591882,36,19.28
Tabasco,2005,Hombre,237616,23,24.75,594238,53,26.4
Tabasco,2006,Hombre,236966,16,15.2,595850,46,24.56
Tabasco,2007,Hombre,236196,14,13.53,597310,28,13.11
Tabasco,2008,Hombre,235457,18,23.86,598473,64,36.26
Tabasco,2009,Hombre,234696,12,14.65,599058,44,23.75
Tabasco,2010,Hombre,233881,13,12.41,596133,45,25.44
Tabasco,2011,Hombre,233069,18,17.4,598695,34,16.28
Tabasco,2012,Hombre,232192,27,29.05,597962,49,21.76
Tabasco,2013,Hombre,231266,8,8.01,596942,34,19.41
Tabasco,2014,Hombre,230129,9,11.26,595717,53,32.09
Tamaulipas,2000,Hombre,304812,17,15.04,757070,55,25.1
Tamaulipas,2001,Hombre,308701,13,11.51,765477,29,10.95
Tamaulipas,2002,Hombre,311826,12,10.9,773266,36,15.66
Tamaulipas,2003,Hombre,314677,19,15.72,780643,39,14.59
Tamaulipas,2004,Hombre,317274,16,11.34,787200,42,16.48
Tamaulipas,2005,Hombre,319566,16,15.76,794054,34,12.97
Tamaulipas,2006,Hombre,321824,22,17.83,801942,38,12.06
Tamaulipas,2007,Hombre,324468,11,7.73,810390,19,7.21
Tamaulipas,2008,Hombre,326474,18,17.46,818206,42,15.33
Tamaulipas,2009,Hombre,327261,13,11.58,824253,39,16.09
Tamaulipas,2010,Hombre,326708,16,15.9,826744,46,18.6
Tamaulipas,2011,Hombre,326039,15,10.83,829231,51,22.09
Tamaulipas,2012,Hombre,325277,16,11.06,830867,44,18.49
Tamaulipas,2013,Hombre,324325,17,11.36,832041,53,23.54
Tamaulipas,2014,Hombre,323177,9,8.57,832833,27,11.36
Tlaxcala,2000,Hombre,124185,5,8.9,296093,17,17.53
Tlaxcala,2001,Hombre,125001,6,11.81,298949,18,23.77
Tlaxcala,2002,Hombre,125732,8,19.37,302380,12,9.64
Tlaxcala,2003,Hombre,126337,11,19.78,305723,31,32.78
Tlaxcala,2004,Hombre,126920,5,8.34,309176,19,21.67
Tlaxcala,2005,Hombre,127168,11,25.4,311776,17,11.38
Tlaxcala,2006,Hombre,127099,5,8.29,313747,21,21.91
Tlaxcala,2007,Hombre,127140,5,8.28,316276,29,36.85
Tlaxcala,2008,Hombre,127287,9,21.58,318973,19,15.68
Tlaxcala,2009,Hombre,127417,4,7.07,321411,24,31.23
Tlaxcala,2010,Hombre,127525,4,6.66,322797,12,12.46
Tlaxcala,2011,Hombre,127552,8,14.12,324950,16,14.07
Tlaxcala,2012,Hombre,127535,6,16.07,326249,26,31.15
Tlaxcala,2013,Hombre,127466,3,5.1,327272,21,22.96
Tlaxcala,2014,Hombre,127346,5,14.52,328020,31,35.25
Veracruz de Ignacio de la Llave,2000,Hombre,816097,42,16.22,1984051,120,19.84
Veracruz de Ignacio de la Llave,2001,Hombre,810286,43,13.59,1979634,107,17.59
Veracruz de Ignacio de la Llave,2002,Hombre,803539,35,11.61,1978475,115,21.02
Veracruz de Ignacio de la Llave,2003,Hombre,795572,39,13.02,1978108,119,19.69
Veracruz de Ignacio de la Llave,2004,Hombre,786287,37,14.73,1977345,119,20.68
Veracruz de Ignacio de la Llave,2005,Hombre,775868,37,17.18,1975124,119,21.93
Veracruz de Ignacio de la Llave,2006,Hombre,764988,53,19.43,1972418,127,18.63
Veracruz de Ignacio de la Llave,2007,Hombre,755128,31,12,1971336,99,16.59
Veracruz de Ignacio de la Llave,2008,Hombre,747054,40,11.75,1971140,112,18.62
Veracruz de Ignacio de la Llave,2009,Hombre,740944,44,15.22,1969886,110,17.62
Veracruz de Ignacio de la Llave,2010,Hombre,735976,40,14.4,1960904,114,18.85
Veracruz de Ignacio de la Llave,2011,Hombre,731222,42,16,1958556,104,15.45
Veracruz de Ignacio de la Llave,2012,Hombre,726846,29,8.65,1949328,121,21.85
Veracruz de Ignacio de la Llave,2013,Hombre,722982,33,11.29,1938434,127,21.87
Veracruz de Ignacio de la Llave,2014,Hombre,719828,29,12.18,1925866,103,18.12
Yucatán,2000,Hombre,193985,4,4.65,487125,12,7.44
Yucatán,2001,Hombre,192977,12,13.74,489417,24,14.08
Yucatán,2002,Hombre,191935,11,21.18,491661,27,16.35
Yucatán,2003,Hombre,190945,7,12.05,493393,19,13.23
Yucatán,2004,Hombre,190037,11,12.35,494797,27,16.14
Yucatán,2005,Hombre,189181,13,19.26,495433,35,23.71
Yucatán,2006,Hombre,188405,14,20.94,495371,40,25.78
Yucatán,2007,Hombre,187953,12,14.94,495493,44,29.06
Yucatán,2008,Hombre,187925,8,13.18,495707,24,13.68
Yucatán,2009,Hombre,188297,9,10.41,495789,21,13.39
Yucatán,2010,Hombre,188792,5,9.88,494652,19,12.9
Yucatán,2011,Hombre,189343,19,38.38,494825,33,17.67
Yucatán,2012,Hombre,190118,10,11.62,494344,24,14.4
Yucatán,2013,Hombre,191050,10,11.34,494130,36,22.56
Yucatán,2014,Hombre,192036,6,10.54,494102,30,22.81
Zacatecas,2000,Hombre,165574,16,26.52,415958,38,24.97
Zacatecas,2001,Hombre,165071,5,6.67,413151,29,24.92
Zacatecas,2002,Hombre,164033,6,8.24,410399,22,15.98
Zacatecas,2003,Hombre,163045,6,7.66,408019,30,28.75
Zacatecas,2004,Hombre,161996,9,21.77,404900,23,18.81
Zacatecas,2005,Hombre,161015,9,11.8,403189,25,20.54
Zacatecas,2006,Hombre,159948,7,9.37,403042,31,27.35
Zacatecas,2007,Hombre,158934,9,12.58,403070,29,24.73
Zacatecas,2008,Hombre,158392,3,3.78,404306,21,18.72
Zacatecas,2009,Hombre,158158,6,9.22,405796,14,10.59
Zacatecas,2010,Hombre,157691,7,15.22,405151,15,9.95
Zacatecas,2011,Hombre,157107,7,9.21,404973,25,23.82
Zacatecas,2012,Hombre,156622,7,15.66,404156,15,10.9
Zacatecas,2013,Hombre,156064,10,20.57,403220,22,15.25
Zacatecas,2014,Hombre,155384,4,6.15,402190,16,14.06
Aguascalientes,2000,Mujer,124984,9,22.11,301780,19,18.17
Aguascalientes,2001,Mujer,125526,9,27.81,304144,21,20.22
Aguascalientes,2002,Mujer,125991,10,17.52,307159,28,28.37
Aguascalientes,2003,Mujer,126374,10,24.27,310184,24,23.74
Aguascalientes,2004,Mujer,126611,3,5.53,312581,5,3.49
Aguascalientes,2005,Mujer,126609,3,5.16,314643,17,24.15
Aguascalientes,2006,Mujer,126336,5,14.97,316682,15,13.99
Aguascalientes,2007,Mujer,126000,7,11.92,318624,15,12.7
Aguascalientes,2008,Mujer,125785,6,16.64,320553,20,17.1
Aguascalientes,2009,Mujer,125615,8,14.36,322095,14,10.9
Aguascalientes,2010,Mujer,125315,13,28.66,322893,15,9.01
Aguascalientes,2011,Mujer,124901,5,9.23,323103,21,20.86
Aguascalientes,2012,Mujer,124551,5,8.84,323213,15,14.7
Aguascalientes,2013,Mujer,124145,4,6.86,323151,10,10.13
Aguascalientes,2014,Mujer,123710,5,21.93,323012,25,27.08
Baja California,2000,Mujer,289728,13,12.61,698692,33,13.48
Baja California,2001,Mujer,293634,12,15.57,713804,28,12.28
Baja California,2002,Mujer,296617,9,6.69,728025,23,9.93
Baja California,2003,Mujer,298804,15,17.02,741212,45,19.75
Baja California,2004,Mujer,300088,14,15.84,753364,34,14.79
Baja California,2005,Mujer,300608,17,12.18,764510,53,21.33
Baja California,2006,Mujer,300600,15,11.34,774724,41,15.31
Baja California,2007,Mujer,300301,15,17.21,783505,35,13.62
Baja California,2008,Mujer,300037,13,18.17,790533,33,14.56
Baja California,2009,Mujer,300211,12,9.38,795845,38,15.19
Baja California,2010,Mujer,299638,14,9.9,797758,30,12.29
Baja California,2011,Mujer,298379,12,8.62,797065,26,8.38
Baja California,2012,Mujer,298210,8,5.83,796932,34,14.31
Baja California,2013,Mujer,298231,8,8.49,796417,32,13.05
Baja California,2014,Mujer,298367,9,6.9,795499,19,7.01
Baja California Sur,2000,Mujer,50009,4,17.91,123237,14,38.15
Baja California Sur,2001,Mujer,50959,1,4.87,125609,3,6.51
Baja California Sur,2002,Mujer,51986,0,0,128476,4,10.46
Baja California Sur,2003,Mujer,53086,3,13.13,131600,7,16.42
Baja California Sur,2004,Mujer,54257,3,12.86,134971,3,3.17
Baja California Sur,2005,Mujer,55427,2,23.59,138441,4,6.86
Baja California Sur,2006,Mujer,56597,3,26.71,141973,7,15.2
Baja California Sur,2007,Mujer,57853,4,28.7,145701,10,20.31
Baja California Sur,2008,Mujer,59189,0,0,149587,6,15.9
Baja California Sur,2009,Mujer,60586,3,9.76,153564,7,11.45
Baja California Sur,2010,Mujer,62124,4,28.49,157638,4,3.64
Baja California Sur,2011,Mujer,63653,1,3.93,161651,7,13.23
Baja California Sur,2012,Mujer,65042,5,15.96,165382,7,8.36
Baja California Sur,2013,Mujer,66368,6,32.7,169056,10,15.16
Baja California Sur,2014,Mujer,67634,1,2.9,172668,3,4.68
Campeche,2000,Mujer,80980,3,7.96,203680,7,10.55
Campeche,2001,Mujer,80581,1,3.17,204755,9,15.52
Campeche,2002,Mujer,80128,0,0,205966,2,5.11
Campeche,2003,Mujer,79664,1,2.44,207078,5,6.99
Campeche,2004,Mujer,79256,5,14.59,207928,13,21.66
Campeche,2005,Mujer,78934,1,3.22,208584,11,21.81
Campeche,2006,Mujer,78720,2,5.02,209072,12,22.31
Campeche,2007,Mujer,78649,8,31.24,209455,8,5.55
Campeche,2008,Mujer,78743,6,17.79,209741,12,13.56
Campeche,2009,Mujer,79032,3,8.22,209858,11,16.27
Campeche,2010,Mujer,79425,2,5.66,209817,8,12.43
Campeche,2011,Mujer,79802,6,17.48,209548,16,23.14
Campeche,2012,Mujer,80235,1,2.51,209343,13,21.44
Campeche,2013,Mujer,80690,1,12.41,209216,9,16.61
Campeche,2014,Mujer,81154,4,11.08,209260,10,15.53
Coahuila de Zaragoza,2000,Mujer,267926,8,6.87,649326,32,17.3
Coahuila de Zaragoza,2001,Mujer,269236,6,7.58,653520,14,6.67
Coahuila de Zaragoza,2002,Mujer,270057,5,4.42,658811,9,3.12
Coahuila de Zaragoza,2003,Mujer,270484,13,11.07,664278,27,11.08
Coahuila de Zaragoza,2004,Mujer,270481,14,17.56,668999,26,9.56
Coahuila de Zaragoza,2005,Mujer,270157,9,10,673301,27,13.26
Coahuila de Zaragoza,2006,Mujer,269629,10,11.54,677767,32,14.03
Coahuila de Zaragoza,2007,Mujer,268949,17,19.78,682201,27,8.99
Coahuila de Zaragoza,2008,Mujer,268225,14,17.42,686207,30,11.18
Coahuila de Zaragoza,2009,Mujer,267494,11,8.76,689404,37,18.06
Coahuila de Zaragoza,2010,Mujer,266663,12,12.59,691475,36,17.18
Coahuila de Zaragoza,2011,Mujer,265581,5,7.21,692207,19,10.35
Coahuila de Zaragoza,2012,Mujer,264698,9,7.76,692480,27,12.01
Coahuila de Zaragoza,2013,Mujer,263860,10,8.74,692180,30,12.13
Coahuila de Zaragoza,2014,Mujer,263111,13,17.35,691455,35,15.24
Colima,2000,Mujer,58960,3,10.01,152142,17,40.69
Colima,2001,Mujer,58514,1,4.35,152260,3,7.79
Colima,2002,Mujer,58207,2,6.77,152681,4,8.68
Colima,2003,Mujer,58045,0,0,153149,2,4.26
Colima,2004,Mujer,57960,5,31.66,153352,5,4.73
Colima,2005,Mujer,58002,4,15.56,153698,14,29.75
Colima,2006,Mujer,58200,3,12.05,154342,7,13.59
Colima,2007,Mujer,58549,5,18.83,155025,11,21.82
Colima,2008,Mujer,59096,0,0,155898,2,4.26
Colima,2009,Mujer,59694,1,4.17,156808,1,0.92
Colima,2010,Mujer,60285,2,8.27,157603,4,6.08
Colima,2011,Mujer,61150,3,23.21,158592,9,17.48
Colima,2012,Mujer,61804,4,27.09,159456,8,16.19
Colima,2013,Mujer,62394,6,21.67,160386,12,17.93
Colima,2014,Mujer,62923,1,3.2,161367,7,13.35
Chiapas,2000,Mujer,571631,18,8.19,1361071,60,15.53
Chiapas,2001,Mujer,574053,21,9.31,1373851,63,14.36
Chiapas,2002,Mujer,575978,25,12.27,1387326,91,21.02
Chiapas,2003,Mujer,576815,21,11.12,1400409,73,16.7
Chiapas,2004,Mujer,576634,24,9.36,1412304,72,17.42
Chiapas,2005,Mujer,575009,29,14.1,1421279,75,15.74
Chiapas,2006,Mujer,572215,25,14.21,1428081,71,17.02
Chiapas,2007,Mujer,569196,26,14.66,1435110,70,15.01
Chiapas,2008,Mujer,565973,20,9.01,1441791,54,12.01
Chiapas,2009,Mujer,562548,23,11.76,1446202,63,13.01
Chiapas,2010,Mujer,559119,37,16.11,1448843,109,23.72
Chiapas,2011,Mujer,555498,36,16.94,1448944,92,19.66
Chiapas,2012,Mujer,552166,28,13.18,1447846,66,13.44
Chiapas,2013,Mujer,549057,30,13.39,1445211,94,21.54
Chiapas,2014,Mujer,546242,33,17.88,1441160,79,16.76
Chihuahua,2000,Mujer,327421,13,8.42,802277,33,11.69
Chihuahua,2001,Mujer,330637,13,13.49,811387,31,12.19
Chihuahua,2002,Mujer,333615,12,12.48,821025,30,11.4
Chihuahua,2003,Mujer,336177,11,7.14,830727,25,8.5
Chihuahua,2004,Mujer,337984,17,22.35,839218,39,13.58
Chihuahua,2005,Mujer,339457,16,15.76,847177,38,15.25
Chihuahua,2006,Mujer,340933,14,9.1,855259,36,11.8
Chihuahua,2007,Mujer,342353,13,12.82,862911,31,11.89
Chihuahua,2008,Mujer,343638,22,16.72,870006,48,16.25
Chihuahua,2009,Mujer,344855,14,11.17,875727,42,16.88
Chihuahua,2010,Mujer,344522,14,11.67,877830,42,15.47
Chihuahua,2011,Mujer,342701,15,11.76,877289,43,16.02
Chihuahua,2012,Mujer,341691,13,8.81,877641,31,10.62
Chihuahua,2013,Mujer,340531,12,8.11,877617,40,14.62
Chihuahua,2014,Mujer,339271,12,15.08,877187,36,13.11
Distrito Federal,2000,Mujer,768790,33,10.87,2104548,93,13.73
Distrito Federal,2001,Mujer,754487,40,13.27,2069325,114,16.52
Distrito Federal,2002,Mujer,741313,25,7.34,2036635,99,16
Distrito Federal,2003,Mujer,729311,17,5.3,2004599,65,11.1
Distrito Federal,2004,Mujer,717899,38,18.17,1971139,80,11.53
Distrito Federal,2005,Mujer,707143,44,20.34,1938391,112,16.61
Distrito Federal,2006,Mujer,697207,22,10.37,1907617,68,11.22
Distrito Federal,2007,Mujer,687736,31,13.52,1877860,79,12.76
Distrito Federal,2008,Mujer,678829,21,6.7,1849451,69,11.86
Distrito Federal,2009,Mujer,670173,29,12.34,1821377,83,13.79
Distrito Federal,2010,Mujer,661397,25,11.88,1793193,69,11.84
Distrito Federal,2011,Mujer,652402,35,15.42,1765200,95,16.39
Distrito Federal,2012,Mujer,643687,32,12.11,1739261,80,13.75
Distrito Federal,2013,Mujer,634942,27,12.09,1714784,91,17.34
Distrito Federal,2014,Mujer,626268,22,9.12,1691510,88,17.38
Durango,2000,Mujer,178913,5,10.26,438223,11,7.14
Durango,2001,Mujer,178239,5,6.43,437537,17,14.53
Durango,2002,Mujer,177386,5,10.98,437728,19,16.06
Durango,2003,Mujer,176473,3,3.97,438251,15,12.93
Durango,2004,Mujer,175146,5,15.56,437668,9,6.58
Durango,2005,Mujer,173702,11,19.78,437622,25,15.07
Durango,2006,Mujer,172318,5,11.8,438632,9,6.52
Durango,2007,Mujer,170903,10,22.51,439573,18,9.22
Durango,2008,Mujer,169667,11,18.62,440877,15,7.46
Durango,2009,Mujer,168526,7,9.19,441194,17,10.57
Durango,2010,Mujer,167377,3,8.81,440595,13,9.25
Durango,2011,Mujer,166147,11,24.71,439495,19,11.24
Durango,2012,Mujer,165066,2,7.7,437984,6,4.47
Durango,2013,Mujer,164020,3,3.95,436244,13,9.33
Durango,2014,Mujer,163043,4,5.18,434295,14,11.26
Guanajuato,2000,Mujer,619722,28,16.76,1555402,72,14.54
Guanajuato,2001,Mujer,615051,24,11.25,1545875,62,11.92
Guanajuato,2002,Mujer,610652,27,12.51,1542054,73,14.95
Guanajuato,2003,Mujer,605643,16,8.57,1540477,58,13.3
Guanajuato,2004,Mujer,599932,22,9.34,1536084,50,10.36
Guanajuato,2005,Mujer,593200,29,13.84,1528644,71,14.06
Guanajuato,2006,Mujer,585920,26,11.5,1521360,64,11.4
Guanajuato,2007,Mujer,579755,18,6.79,1516585,64,12.88
Guanajuato,2008,Mujer,574845,26,15.12,1514483,62,11.98
Guanajuato,2009,Mujer,569961,20,9.24,1510779,64,13.85
Guanajuato,2010,Mujer,565658,18,10.05,1504436,68,15.46
Guanajuato,2011,Mujer,561617,20,10.73,1495735,70,15.7
Guanajuato,2012,Mujer,558241,15,7.36,1486917,59,13.5
Guanajuato,2013,Mujer,554930,19,8.73,1477008,55,11.72
Guanajuato,2014,Mujer,551785,27,13.6,1466845,71,14.85
Guerrero,2000,Mujer,419288,13,6.93,989962,25,5.95
Guerrero,2001,Mujer,415970,9,4.92,989446,21,5.35
Guerrero,2002,Mujer,412374,6,5.18,991674,30,12.17
Guerrero,2003,Mujer,408481,7,4.05,993999,23,6.78
Guerrero,2004,Mujer,403707,9,6.81,994003,39,14
Guerrero,2005,Mujer,398301,12,8.95,993049,32,11.09
Guerrero,2006,Mujer,392824,13,11.28,992596,31,9.59
Guerrero,2007,Mujer,387719,8,4.65,992503,26,9.66
Guerrero,2008,Mujer,383114,11,7.96,992558,29,9.57
Guerrero,2009,Mujer,378858,11,9.21,991230,43,14.09
Guerrero,2010,Mujer,374839,12,7.36,987537,44,16.91
Guerrero,2011,Mujer,370480,18,19.72,980760,46,13.49
Guerrero,2012,Mujer,366397,10,10.47,973389,22,6.27
Guerrero,2013,Mujer,362342,15,9.1,965242,33,10.18
Guerrero,2014,Mujer,358392,17,15.02,956300,31,7.75
Hidalgo,2000,Mujer,273003,14,14.46,698805,36,14.93
Hidalgo,2001,Mujer,271435,11,11.78,695489,23,10.22
Hidalgo,2002,Mujer,270191,10,7.96,694425,34,15.69
Hidalgo,2003,Mujer,269183,7,5.96,693973,29,15.25
Hidalgo,2004,Mujer,268180,10,8.6,692582,42,23.45
Hidalgo,2005,Mujer,267147,10,8.25,691315,26,10.8
Hidalgo,2006,Mujer,266290,8,9.73,691086,24,10.37
Hidalgo,2007,Mujer,265769,11,14.65,691291,29,12.48
Hidalgo,2008,Mujer,265686,10,10.91,692044,30,14.25
Hidalgo,2009,Mujer,265915,8,6.2,692767,30,15.26
Hidalgo,2010,Mujer,266040,19,22.38,692970,45,19.94
Hidalgo,2011,Mujer,265657,15,14.66,692417,29,11.86
Hidalgo,2012,Mujer,265367,8,12.44,691921,30,15.74
Hidalgo,2013,Mujer,264927,14,14.53,691373,30,12.11
Hidalgo,2014,Mujer,264376,9,8.17,690830,35,15.86
Jalisco,2000,Mujer,735478,32,14.07,1856686,102,17.71
Jalisco,2001,Mujer,732644,33,12.23,1856632,81,13
Jalisco,2002,Mujer,729857,33,11.98,1859185,95,15.45
Jalisco,2003,Mujer,727477,43,14.44,1861983,91,14.75
Jalisco,2004,Mujer,724506,45,17.82,1860314,119,19.28
Jalisco,2005,Mujer,722107,28,10.94,1860239,94,17.33
Jalisco,2006,Mujer,720724,28,10.13,1863912,88,15.19
Jalisco,2007,Mujer,719938,32,12.15,1867028,94,15.2
Jalisco,2008,Mujer,720268,38,15.73,1870786,96,15.11
Jalisco,2009,Mujer,721087,35,11.51,1873807,101,17.21
Jalisco,2010,Mujer,721456,28,10.75,1874376,92,15.92
Jalisco,2011,Mujer,720874,46,18.07,1872368,106,16.98
Jalisco,2012,Mujer,720888,28,12,1871046,92,16.14
Jalisco,2013,Mujer,720662,23,10.14,1869716,77,13.24
Jalisco,2014,Mujer,720250,36,14.45,1868580,88,13.52
México,2000,Mujer,1479968,51,11.49,3696692,141,12.01
México,2001,Mujer,1484833,41,8.2,3720663,147,13.71
México,2002,Mujer,1489039,49,8.49,3745087,149,13.07
México,2003,Mujer,1492996,47,7.6,3768430,119,9.8
México,2004,Mujer,1495221,37,8.15,3788233,163,15.32
México,2005,Mujer,1496244,55,10.45,3807550,151,12.24
México,2006,Mujer,1497309,68,13.46,3827291,168,12.99
México,2007,Mujer,1498488,58,9.27,3845400,164,13.82
México,2008,Mujer,1499581,45,7.81,3861669,147,12.52
México,2009,Mujer,1500023,62,13.03,3873435,148,11.83
México,2010,Mujer,1500601,71,14.11,3882193,163,12.44
México,2011,Mujer,1500429,57,11.31,3887409,159,12.93
México,2012,Mujer,1500848,45,7.71,3892544,147,12.09
México,2013,Mujer,1501153,58,12.12,3897325,168,13.42
México,2014,Mujer,1501404,37,8,3901176,133,11.61
Michoacán de Ocampo,2000,Mujer,483605,29,15.15,1233929,69,15.66
Michoacán de Ocampo,2001,Mujer,477263,30,19.39,1224237,58,12.97
Michoacán de Ocampo,2002,Mujer,470929,16,9.05,1217815,32,7.81
Michoacán de Ocampo,2003,Mujer,464908,17,11.98,1211894,49,12.91
Michoacán de Ocampo,2004,Mujer,458423,25,15.56,1201995,55,13.08
Michoacán de Ocampo,2005,Mujer,452283,22,10.72,1192629,52,12.79
Michoacán de Ocampo,2006,Mujer,447143,10,5.17,1185999,56,17.97
Michoacán de Ocampo,2007,Mujer,443063,20,11.38,1179715,42,10.09
Michoacán de Ocampo,2008,Mujer,440324,8,3.86,1174984,28,7.17
Michoacán de Ocampo,2009,Mujer,438136,20,11.98,1169334,48,12.11
Michoacán de Ocampo,2010,Mujer,436148,15,9.52,1161386,37,9.57
Michoacán de Ocampo,2011,Mujer,433962,14,9.11,1151590,52,15.26
Michoacán de Ocampo,2012,Mujer,432420,20,15.58,1142794,46,10.95
Michoacán de Ocampo,2013,Mujer,430933,11,9.49,1134289,59,19.24
Michoacán de Ocampo,2014,Mujer,429478,23,15.95,1126346,51,12.41
Morelos,2000,Mujer,173353,4,5.87,438785,16,13.05
Morelos,2001,Mujer,172270,11,18.46,439196,35,25.2
Morelos,2002,Mujer,170865,5,5.7,440273,23,16.82
Morelos,2003,Mujer,169590,8,9.56,441296,14,7.95
Morelos,2004,Mujer,168198,5,6.89,441008,23,17.59
Morelos,2005,Mujer,167035,5,11.51,441149,23,19.28
Morelos,2006,Mujer,166278,6,12.39,442054,10,4.91
Morelos,2007,Mujer,165739,13,23.09,442289,31,20
Morelos,2008,Mujer,165558,7,13.95,442484,17,11.27
Morelos,2009,Mujer,165577,4,5.45,442335,16,12.51
Morelos,2010,Mujer,165677,5,6.64,441263,25,21.08
Morelos,2011,Mujer,165777,8,10.55,439935,14,7.9
Morelos,2012,Mujer,166137,5,15.94,438559,15,9.99
Morelos,2013,Mujer,166498,7,23.36,437390,23,18.2
Morelos,2014,Mujer,166828,7,9,436476,21,17.49
Nayarit,2000,Mujer,101845,4,25.07,259687,14,16.43
Nayarit,2001,Mujer,101496,2,3.89,259416,6,7.68
Nayarit,2002,Mujer,101317,2,4.45,259961,8,11.68
Nayarit,2003,Mujer,101336,5,18.45,261000,5,2.76
Nayarit,2004,Mujer,101358,3,6.93,261768,5,4.15
Nayarit,2005,Mujer,101574,2,4.43,263062,6,6.07
Nayarit,2006,Mujer,102171,4,16.87,265145,10,9.59
Nayarit,2007,Mujer,103125,3,14.67,267527,11,11.45
Nayarit,2008,Mujer,104425,2,4.79,270493,8,9.75
Nayarit,2009,Mujer,105993,5,9.45,273741,13,13.64
Nayarit,2010,Mujer,107630,4,7.89,276812,8,6.89
Nayarit,2011,Mujer,109028,6,12.74,279448,14,13.91
Nayarit,2012,Mujer,110412,4,15.67,282092,8,8.04
Nayarit,2013,Mujer,111700,9,32.34,284750,9,4.54
Nayarit,2014,Mujer,112905,4,14.88,287421,8,7.91
Nuevo León,2000,Mujer,406506,21,15.52,1022842,47,13.24
Nuevo León,2001,Mujer,409726,18,13.52,1028986,42,11.76
Nuevo León,2002,Mujer,412765,15,13.66,1036155,37,10.62
Nuevo León,2003,Mujer,415749,19,14.28,1043773,61,20.74
Nuevo León,2004,Mujer,418292,21,14.6,1051044,43,12.38
Nuevo León,2005,Mujer,420292,20,12.61,1059038,48,14.04
Nuevo León,2006,Mujer,422130,15,11.43,1067730,39,11.99
Nuevo León,2007,Mujer,423903,24,18.37,1076131,54,15.63
Nuevo León,2008,Mujer,425487,17,10.48,1084461,45,12.91
Nuevo León,2009,Mujer,426725,16,10.35,1092101,46,13.96
Nuevo León,2010,Mujer,427585,24,16.36,1098563,54,14.22
Nuevo León,2011,Mujer,427982,17,12.51,1103944,53,16.67
Nuevo León,2012,Mujer,428399,18,13.19,1109119,42,11.13
Nuevo León,2013,Mujer,428640,22,15.28,1113896,54,13.32
Nuevo León,2014,Mujer,428781,17,9.62,1118111,43,11.47
Oaxaca,2000,Mujer,442130,12,6.22,1088502,36,11.21
Oaxaca,2001,Mujer,437518,21,15.45,1082216,51,14.29
Oaxaca,2002,Mujer,433015,21,10.85,1080889,59,16.72
Oaxaca,2003,Mujer,428387,25,16.75,1079939,63,18.01
Oaxaca,2004,Mujer,424108,19,13.47,1077896,57,18.01
Oaxaca,2005,Mujer,418804,28,21.02,1072994,62,16.03
Oaxaca,2006,Mujer,412941,13,12.96,1067055,57,19.07
Oaxaca,2007,Mujer,408381,21,11.24,1063669,65,18.95
Oaxaca,2008,Mujer,404720,15,10.02,1061906,61,19.06
Oaxaca,2009,Mujer,401444,14,7.73,1059288,56,18.02
Oaxaca,2010,Mujer,398805,20,12.78,1054967,56,17.7
Oaxaca,2011,Mujer,396068,21,13.9,1049154,57,17.2
Oaxaca,2012,Mujer,393701,19,15.4,1042181,51,14.43
Oaxaca,2013,Mujer,391589,22,12.65,1034709,62,18.16
Oaxaca,2014,Mujer,389557,13,7.19,1027303,55,17.02
Puebla,2000,Mujer,643488,45,16.86,1586654,95,16.63
Puebla,2001,Mujer,640999,28,15.57,1586533,74,15.04
Puebla,2002,Mujer,638930,38,15.63,1590536,78,13.05
Puebla,2003,Mujer,636192,37,14.22,1595022,87,16.28
Puebla,2004,Mujer,632428,37,17.03,1598966,87,16.46
Puebla,2005,Mujer,627613,34,16.74,1599611,98,19.77
Puebla,2006,Mujer,623051,30,10.6,1597737,80,15.47
Puebla,2007,Mujer,619649,35,16.21,1597421,91,17.85
Puebla,2008,Mujer,616766,34,16.03,1597932,94,18.27
Puebla,2009,Mujer,613652,29,12.6,1596272,81,15.89
Puebla,2010,Mujer,610791,32,14.32,1593239,66,11.75
Puebla,2011,Mujer,607983,28,13.06,1589063,66,12.23
Puebla,2012,Mujer,605515,24,8.85,1584679,62,12.33
Puebla,2013,Mujer,603071,25,12.71,1578807,63,12.23
Puebla,2014,Mujer,600682,24,11.37,1571434,70,12.79
Querétaro de Arteaga,2000,Mujer,186783,10,10.97,469171,22,13.23
Querétaro de Arteaga,2001,Mujer,186188,7,8.6,470440,15,8.61
Querétaro de Arteaga,2002,Mujer,185751,7,8.06,472835,31,22.21
Querétaro de Arteaga,2003,Mujer,185327,7,8.36,475111,33,22.6
Querétaro de Arteaga,2004,Mujer,184978,5,6.52,476874,23,17.97
Querétaro de Arteaga,2005,Mujer,184239,5,5.97,477651,11,6.43
Querétaro de Arteaga,2006,Mujer,183442,6,7.96,478240,22,14.36
Querétaro de Arteaga,2007,Mujer,183282,9,18.76,479638,17,10.48
Querétaro de Arteaga,2008,Mujer,183292,3,3.54,481076,9,7.24
Querétaro de Arteaga,2009,Mujer,183258,7,12.87,481938,25,17.33
Querétaro de Arteaga,2010,Mujer,183327,12,18.87,482385,28,16
Querétaro de Arteaga,2011,Mujer,183326,7,13.18,482166,21,14.54
Querétaro de Arteaga,2012,Mujer,183424,7,8.16,481992,19,11.76
Querétaro de Arteaga,2013,Mujer,183526,3,3.24,481766,13,9.89
Querétaro de Arteaga,2014,Mujer,183631,8,10.11,481577,16,10.72
Quintana Roo,2000,Mujer,110871,5,17.44,281487,9,8.65
Quintana Roo,2001,Mujer,112510,3,6.24,287898,11,14.71
Quintana Roo,2002,Mujer,114106,7,28.16,294168,13,12.75
Quintana Roo,2003,Mujer,115752,6,12.64,300118,10,9.77
Quintana Roo,2004,Mujer,117518,3,5.97,305890,11,11.23
Quintana Roo,2005,Mujer,119176,6,26.06,311196,14,12.43
Quintana Roo,2006,Mujer,121354,6,18.46,316668,12,11.24
Quintana Roo,2007,Mujer,124519,3,5.24,322913,17,16.83
Quintana Roo,2008,Mujer,127478,1,7.82,328722,9,9.61
Quintana Roo,2009,Mujer,130314,6,16.21,334114,16,14.67
Quintana Roo,2010,Mujer,133453,0,0,339573,4,3.97
Quintana Roo,2011,Mujer,136557,7,11.32,345079,19,18.62
Quintana Roo,2012,Mujer,139783,7,11.36,350563,13,10.62
Quintana Roo,2013,Mujer,143033,4,5.95,356157,16,14.03
Quintana Roo,2014,Mujer,146242,4,6.13,361916,10,7.23
San Luis Potosí,2000,Mujer,281220,11,14.35,698864,31,13.53
San Luis Potosí,2001,Mujer,279499,12,15.39,697257,34,14.69
San Luis Potosí,2002,Mujer,277728,6,7.75,697350,28,15.24
San Luis Potosí,2003,Mujer,275830,12,12.91,697694,28,13.01
San Luis Potosí,2004,Mujer,273402,10,8.42,696254,24,10.45
San Luis Potosí,2005,Mujer,270955,12,9.57,694893,22,8.37
San Luis Potosí,2006,Mujer,268860,10,8.17,694694,40,19.66
San Luis Potosí,2007,Mujer,267035,7,5.8,694671,23,11.81
San Luis Potosí,2008,Mujer,265688,11,14.73,695070,27,10.36
San Luis Potosí,2009,Mujer,264601,8,10.29,694977,34,17.66
San Luis Potosí,2010,Mujer,263426,7,5.67,693734,31,14.9
San Luis Potosí,2011,Mujer,262118,10,11.7,691648,28,13.74
San Luis Potosí,2012,Mujer,260997,3,2.28,689235,9,4.01
San Luis Potosí,2013,Mujer,259971,10,15.08,686461,22,8.88
San Luis Potosí,2014,Mujer,259108,6,4.8,683410,22,10.51
Sinaloa,2000,Mujer,281659,6,5.11,699841,10,3.15
Sinaloa,2001,Mujer,281786,8,11.36,700576,26,12.96
Sinaloa,2002,Mujer,281274,12,9.59,701880,36,17.17
Sinaloa,2003,Mujer,280389,13,9.97,703327,29,10.21
Sinaloa,2004,Mujer,278848,9,7.55,703666,25,11.06
Sinaloa,2005,Mujer,277038,13,13.79,704248,23,9.03
Sinaloa,2006,Mujer,275216,9,11.02,705488,23,9.47
Sinaloa,2007,Mujer,273327,7,8.24,706453,21,10.7
Sinaloa,2008,Mujer,271540,9,7.37,707304,35,17.67
Sinaloa,2009,Mujer,269832,16,16.15,707448,30,12.92
Sinaloa,2010,Mujer,267911,12,12.51,706329,28,12.98
Sinaloa,2011,Mujer,265821,12,16.5,703709,26,12.03
Sinaloa,2012,Mujer,263966,11,8.88,700832,25,9.84
Sinaloa,2013,Mujer,262179,7,8.98,697491,23,9.99
Sinaloa,2014,Mujer,260498,11,12.7,693744,19,6.11
Sonora,2000,Mujer,249398,9,7.84,609492,21,10.03
Sonora,2001,Mujer,250951,16,23.8,614975,36,16.6
Sonora,2002,Mujer,252432,11,13.05,621458,29,15.53
Sonora,2003,Mujer,253826,14,14.98,628078,32,14.04
Sonora,2004,Mujer,255179,12,16.86,634479,22,9.24
Sonora,2005,Mujer,256079,17,17.59,640355,33,14.65
Sonora,2006,Mujer,256765,16,13.42,646189,52,27
Sonora,2007,Mujer,257869,9,7.95,652397,27,12.92
Sonora,2008,Mujer,259154,17,21.47,658420,23,7.31
Sonora,2009,Mujer,260515,13,13.85,664045,25,9.95
Sonora,2010,Mujer,261521,14,14.99,668531,34,13.47
Sonora,2011,Mujer,261716,9,7.62,671578,27,12.47
Sonora,2012,Mujer,262094,9,10.58,674506,19,8.48
Sonora,2013,Mujer,262316,7,8.85,677110,17,7.99
Sonora,2014,Mujer,262422,14,14.08,679428,38,16.26
Tabasco,2000,Mujer,233767,14,17.49,597011,32,14.63
Tabasco,2001,Mujer,232549,13,12.92,596599,35,18.5
Tabasco,2002,Mujer,231366,10,12.48,596160,28,14.9
Tabasco,2003,Mujer,230240,14,17.1,595380,28,13.03
Tabasco,2004,Mujer,229441,10,12.56,594409,34,20.71
Tabasco,2005,Mujer,228672,17,26.34,593076,41,19.96
Tabasco,2006,Mujer,227581,11,10.36,591085,33,18.02
Tabasco,2007,Mujer,226514,9,16.02,588910,25,14.19
Tabasco,2008,Mujer,225526,10,13.9,586748,36,20.13
Tabasco,2009,Mujer,224482,13,19.74,584392,37,19.8
Tabasco,2010,Mujer,223465,10,13.39,582511,32,16.8
Tabasco,2011,Mujer,222368,8,11.2,579518,42,25.64
Tabasco,2012,Mujer,221323,10,10.19,576989,28,15.25
Tabasco,2013,Mujer,220243,13,16.53,574445,35,18.38
Tabasco,2014,Mujer,218950,10,10.06,572098,38,22.99
Tamaulipas,2000,Mujer,295501,18,18.53,737375,38,14.11
Tamaulipas,2001,Mujer,298666,14,18.28,744704,34,12.72
Tamaulipas,2002,Mujer,301308,12,8.34,752188,34,15.62
Tamaulipas,2003,Mujer,303690,10,7.72,759308,32,14.1
Tamaulipas,2004,Mujer,305686,12,14.18,765186,34,12.85
Tamaulipas,2005,Mujer,307378,4,2.93,771142,18,8.81
Tamaulipas,2006,Mujer,309176,12,8.6,778090,34,14.1
Tamaulipas,2007,Mujer,311405,18,17.46,785287,34,11.53
Tamaulipas,2008,Mujer,312966,10,7.34,791454,44,18.51
Tamaulipas,2009,Mujer,313141,10,9.89,795511,26,11.34
Tamaulipas,2010,Mujer,312437,8,8.39,797567,22,8.2
Tamaulipas,2011,Mujer,310891,9,6.41,797797,29,11.33
Tamaulipas,2012,Mujer,309834,13,9.17,798434,33,13.38
Tamaulipas,2013,Mujer,308674,15,11.06,798716,33,11.52
Tamaulipas,2014,Mujer,307396,13,12.15,798726,19,4.84
Tlaxcala,2000,Mujer,121188,8,14.14,299662,24,25.62
Tlaxcala,2001,Mujer,121464,9,28.86,300860,23,23.77
Tlaxcala,2002,Mujer,121811,3,5.36,302787,9,8.04
Tlaxcala,2003,Mujer,122084,9,23.18,304764,25,28.24
Tlaxcala,2004,Mujer,122365,8,13.94,306677,12,10.66
Tlaxcala,2005,Mujer,122376,7,25.15,307972,17,19.2
Tlaxcala,2006,Mujer,122180,4,13.49,309058,10,10.85
Tlaxcala,2007,Mujer,122152,6,11.45,310584,16,15.92
Tlaxcala,2008,Mujer,122238,3,5.32,312180,9,8.96
Tlaxcala,2009,Mujer,122288,5,9,313508,11,11.02
Tlaxcala,2010,Mujer,122331,7,13.09,314591,21,22.64
Tlaxcala,2011,Mujer,122396,5,8.98,315472,15,13.94
Tlaxcala,2012,Mujer,122381,4,7.35,316167,10,8.11
Tlaxcala,2013,Mujer,122321,4,7.36,316687,10,8.1
Tlaxcala,2014,Mujer,122219,5,15.16,317059,13,10.63
Veracruz de Ignacio de la Llave,2000,Mujer,798711,44,15.32,2018271,104,15.11
Veracruz de Ignacio de la Llave,2001,Mujer,788469,30,11.49,2002615,86,13.95
Veracruz de Ignacio de la Llave,2002,Mujer,778591,25,11.32,1992047,85,14.09
Veracruz de Ignacio de la Llave,2003,Mujer,768217,38,13.39,1982777,100,15.39
Veracruz de Ignacio de la Llave,2004,Mujer,757035,33,11.69,1971773,111,17.71
Veracruz de Ignacio de la Llave,2005,Mujer,745456,37,13.25,1959616,111,18.18
Veracruz de Ignacio de la Llave,2006,Mujer,734389,37,14.76,1948385,93,14.05
Veracruz de Ignacio de la Llave,2007,Mujer,724791,42,15.46,1938761,88,12.77
Veracruz de Ignacio de la Llave,2008,Mujer,716883,43,16.31,1929905,95,13.87
Veracruz de Ignacio de la Llave,2009,Mujer,710484,33,13.67,1920174,91,15.26
Veracruz de Ignacio de la Llave,2010,Mujer,705318,39,15.77,1909556,121,19.68
Veracruz de Ignacio de la Llave,2011,Mujer,700551,37,13.03,1896661,107,17.38
Veracruz de Ignacio de la Llave,2012,Mujer,696251,28,11.01,1883115,86,15.4
Veracruz de Ignacio de la Llave,2013,Mujer,692485,25,12.72,1868845,63,10.03
Veracruz de Ignacio de la Llave,2014,Mujer,689463,24,7.76,1854129,106,19.42
Yucatán,2000,Mujer,188022,13,27.58,480476,25,13.73
Yucatán,2001,Mujer,186524,5,14.66,481368,13,8.56
Yucatán,2002,Mujer,185061,7,12.78,482397,19,11.83
Yucatán,2003,Mujer,183699,7,8.13,483067,21,12.34
Yucatán,2004,Mujer,182466,11,13.75,483320,21,11.59
Yucatán,2005,Mujer,181371,12,14.32,482911,16,7.83
Yucatán,2006,Mujer,180523,10,11.91,482065,22,13.35
Yucatán,2007,Mujer,180119,8,9.74,481357,30,20.25
Yucatán,2008,Mujer,180137,9,19.72,480697,39,26.75
Yucatán,2009,Mujer,180525,11,17.58,479955,27,16.4
Yucatán,2010,Mujer,181048,5,9.81,479082,21,15.29
Yucatán,2011,Mujer,181654,10,11.42,477852,20,12.01
Yucatán,2012,Mujer,182488,6,7.4,476912,16,10.85
Yucatán,2013,Mujer,183474,9,10.69,476290,27,19.47
Yucatán,2014,Mujer,184536,6,7.32,475960,18,12.35
Zacatecas,2000,Mujer,162528,8,11.39,414098,18,12.62
Zacatecas,2001,Mujer,160937,9,12.11,410227,21,14.7
Zacatecas,2002,Mujer,159421,6,18.6,407653,26,24
Zacatecas,2003,Mujer,158101,7,14.22,405525,17,11.56
Zacatecas,2004,Mujer,156513,13,27.73,402061,25,17.39
Zacatecas,2005,Mujer,155087,6,13.88,399573,14,9.71
Zacatecas,2006,Mujer,153972,5,12.01,398770,13,9.36
Zacatecas,2007,Mujer,153022,11,21.6,398134,15,8.24
Zacatecas,2008,Mujer,152481,9,13.13,398237,15,11.03
Zacatecas,2009,Mujer,152144,6,14.05,398158,22,17.22
Zacatecas,2010,Mujer,151733,6,8.56,397129,14,9.73
Zacatecas,2011,Mujer,151034,6,9.27,395236,10,5.54
Zacatecas,2012,Mujer,150565,8,12.65,393655,16,11.44
Zacatecas,2013,Mujer,150045,5,12.7,392099,17,13.76
Zacatecas,2014,Mujer,149462,9,13.03,390588,19,13.59